0 1008 212 78 52 612 157 51 40 309 254 35 65 97 268 31 84 530 91 145 71 907 146 46 25 1142 261 102 96 278 330 40 81 1207 192 67 48 69 322 37 112 1219 200 61 54 860 150 49 35 666 127 59 31 552 169 51 56 196 338 37 85 1085 174 51 49 1251 244 29 52 195 359 34 75 1042 30 14 14 
1 611 158 50 39 308 253 35 68 1007 210 78 53 97 268 32 84 905 145 48 25 278 330 40 80 1219 199 61 55 531 92 146 70 860 151 49 32 552 171 51 54 70 322 37 111 1142 254 96 94 666 126 61 32 1250 244 29 50 1249 141 31 42 195 361 33 73 1042 29 14 15 1200 190 75 50 196 338 36 84 834 134 37 24 1085 159 51 63 
2 1005 204 80 59 910 145 39 24 76 333 33 95 1084 159 53 59 857 150 53 32 674 127 55 32 1127 161 32 30 281 363 36 53 612 162 50 32 
3 1004 203 80 61 909 146 40 22 856 144 54 37 283 361 36 60 677 133 44 25 77 332 32 96 
4 909 146 39 22 1003 201 80 62 1139 254 92 93 280 359 40 67 856 144 54 37 676 134 47 24 
5 1001 203 79 59 909 145 38 23 1138 256 91 90 282 359 36 70 675 132 50 27 727 129 38 23 88 362 25 66 
6 998 203 79 57 1137 254 92 91 909 145 36 22 282 360 36 69 1081 174 48 44 98 273 27 27 856 140 54 42 271 360 30 68 
7 908 145 38 23 998 202 77 58 1137 252 91 94 1078 172 53 46 283 364 37 65 729 132 32 21 858 144 50 37 90 362 30 67 270 364 32 66 
8 907 144 38 22 1127 249 91 91 1078 177 50 38 280 359 38 73 857 146 49 34 611 165 51 33 550 171 53 55 
9 905 145 41 21 1080 177 48 38 278 356 41 77 675 133 41 24 611 165 51 32 1127 247 87 91 
10 907 145 40 22 610 164 50 36 677 134 35 22 93 359 30 74 1081 177 45 37 810 130 32 23 1127 249 85 91 
11 899 143 46 23 609 164 52 34 676 133 37 23 1122 244 89 95 989 200 80 55 270 340 40 86 991 165 87 90 
12 901 143 45 24 610 163 52 37 1075 179 49 36 269 354 38 79 95 356 31 77 850 143 54 35 
13 900 141 43 26 985 201 79 53 809 134 30 19 854 144 50 33 610 165 51 35 1120 247 88 88 93 330 35 105 1074 177 51 38 1219 220 59 64 
14 898 142 46 25 981 201 81 53 1118 247 90 87 1218 221 58 62 546 172 55 57 810 134 28 20 611 164 49 37 
15 900 143 42 23 1116 246 91 88 982 200 80 54 1215 220 62 61 95 354 35 79 858 149 42 27 609 165 50 38 1070 175 56 41 
16 898 142 44 25 1117 244 86 89 981 200 81 53 1068 175 55 41 610 166 50 37 546 170 54 60 
17 1211 222 69 57 899 142 43 25 1113 243 87 90 982 199 77 54 609 166 51 37 96 354 34 82 852 148 51 29 979 166 79 85 547 171 54 58 
18 982 200 75 52 1207 216 73 61 1109 241 90 92 901 143 40 22 610 167 50 36 459 149 23 25 97 355 34 84 850 143 53 33 546 170 55 59 
19 1205 217 75 58 459 149 25 26 980 201 75 51 899 143 42 24 1108 240 88 91 850 145 51 32 607 168 53 36 96 348 35 94 
20 1203 217 77 56 980 198 71 52 850 147 52 28 97 346 38 97 1109 240 84 87 901 143 38 21 265 377 41 65 608 167 50 37 
21 976 198 74 52 1201 218 78 55 851 148 52 27 269 352 36 84 901 142 39 23 96 349 37 92 459 148 31 26 608 168 51 37 
22 975 197 74 54 1203 217 76 55 850 147 52 28 608 170 52 34 459 148 33 28 901 142 37 23 
23 1200 216 78 55 974 195 73 56 851 147 52 27 608 170 51 35 901 143 37 21 459 147 34 29 
24 1198 219 75 52 897 141 44 26 848 148 54 27 608 170 51 37 969 200 73 48 460 147 36 31 970 168 77 77 
25 1189 215 79 56 897 141 42 26 969 202 71 46 850 148 54 25 460 147 40 29 543 172 55 63 608 169 51 37 
26 1184 214 85 55 897 140 43 27 542 172 56 62 968 163 78 84 840 142 62 34 457 143 47 35 
27 1183 215 84 52 896 141 44 26 713 128 58 31 607 172 54 34 
28 1178 214 86 52 840 144 61 30 607 173 53 34 967 190 73 57 1163 155 103 104 463 148 44 30 897 142 42 23 1053 157 56 53 1091 223 85 95 716 128 52 32 
29 607 173 53 35 1172 215 91 51 896 142 42 22 841 144 59 30 1155 154 112 102 964 189 76 57 962 171 79 76 464 147 42 31 1088 225 91 92 
30 1174 212 85 53 959 188 79 57 98 346 32 102 608 172 52 35 827 138 33 22 847 145 51 25 895 142 45 23 543 182 52 55 1076 221 89 93 
31 1174 211 82 53 462 141 54 37 957 188 82 57 610 174 51 33 1075 222 87 89 894 141 46 24 847 145 49 26 955 162 77 81 542 183 52 54 826 137 33 23 
32 610 173 51 35 956 187 81 57 953 164 75 77 460 138 59 41 542 183 52 54 1175 214 79 49 849 145 46 26 
33 1172 209 78 56 460 138 59 42 951 161 75 79 607 173 53 35 1075 223 84 86 
34 608 173 52 35 955 185 73 56 1174 205 74 53 826 136 32 24 461 136 58 43 1075 225 83 82 949 164 78 74 537 177 61 63 846 144 51 26 
35 952 189 73 53 607 173 53 37 1169 207 79 59 468 138 54 42 850 146 45 25 
36 1162 203 82 59 607 172 51 38 466 139 60 40 848 145 49 24 951 182 73 60 1051 149 55 52 
37 1163 200 79 61 949 191 77 51 606 172 54 38 468 138 61 42 1051 149 54 50 
38 1164 202 76 56 605 172 54 39 100 357 29 103 847 147 50 25 466 139 65 41 946 187 81 53 893 139 45 22 938 161 81 73 
39 1163 202 77 55 605 172 55 39 98 352 31 111 941 160 75 74 944 185 72 53 
40 1159 201 80 54 605 173 54 44 97 356 31 105 943 186 72 54 1059 219 93 85 
41 1159 202 78 53 605 174 55 42 97 354 30 106 576 77 94 98 940 163 71 77 537 180 60 61 944 186 67 52 
42 1155 199 80 56 96 355 31 107 608 174 50 42 941 163 69 77 1056 219 89 85 574 76 92 99 840 144 58 25 943 184 67 54 
43 1156 201 76 52 605 172 54 46 840 144 59 25 936 165 70 74 94 356 32 104 
44 1153 199 74 54 606 173 54 44 837 145 62 23 1062 221 65 75 94 349 32 119 476 138 58 40 933 164 72 74 894 137 42 24 
45 1149 196 74 58 606 172 55 47 1056 223 68 72 834 144 64 24 929 162 82 73 477 138 58 40 
46 1148 193 73 60 605 172 58 47 1054 220 70 76 930 160 82 75 835 140 61 30 
47 1142 194 75 57 605 173 60 45 94 359 30 124 1051 220 71 76 929 160 81 75 533 183 55 65 726 127 41 26 601 97 52 39 
48 1143 195 72 55 605 172 59 47 1050 219 72 76 835 140 60 30 929 159 80 75 731 132 35 20 91 366 32 110 
49 1141 195 75 55 925 159 79 75 606 172 60 51 732 133 34 18 1043 217 86 76 837 143 61 25 91 364 32 115 
50 606 173 60 48 834 142 61 28 1138 195 77 55 929 144 83 87 1043 214 83 80 91 359 30 125 
51 1135 192 79 53 605 175 59 46 88 358 32 127 835 141 59 29 1037 215 79 75 
52 1133 190 82 54 605 173 60 49 87 358 32 128 1032 216 81 73 728 131 39 23 835 139 59 32 
53 1132 191 80 52 605 175 61 47 85 364 32 116 1033 215 76 73 1244 236 35 74 729 133 35 20 830 107 95 52 
54 605 176 62 47 1135 191 69 52 1241 240 37 67 85 362 32 119 531 185 54 65 1033 215 67 77 836 140 57 29 
55 1131 192 78 49 606 177 60 45 531 187 54 62 1031 214 67 77 
56 1130 192 76 48 606 178 62 45 531 194 56 62 816 137 27 18 846 145 45 23 916 160 81 77 919 173 73 61 
57 1130 193 73 47 606 177 62 48 81 359 29 125 460 157 31 22 918 174 72 60 531 195 54 62 844 144 45 23 1027 213 69 78 
58 78 357 31 129 606 177 63 47 1127 190 77 48 814 133 30 22 841 144 50 23 728 133 47 26 918 175 71 58 1018 210 74 69 
59 1126 191 77 48 605 179 65 49 915 177 70 55 813 133 31 25 840 143 51 25 724 129 57 32 1017 211 74 70 524 160 67 94 
60 1123 188 77 50 814 132 29 24 605 178 64 48 838 143 53 26 917 176 66 54 722 127 58 32 608 97 51 39 
61 1124 188 76 49 813 132 31 24 604 177 66 50 839 144 51 25 918 178 64 50 74 364 31 115 721 127 58 32 1016 208 71 71 518 165 74 91 607 97 52 38 
62 1122 188 76 48 463 150 45 28 915 179 67 49 815 134 29 22 604 174 68 55 72 361 32 122 840 144 47 24 975 159 55 38 527 194 55 63 1010 196 76 84 518 158 75 96 604 96 57 38 
63 1123 185 73 52 913 177 68 51 605 176 65 53 71 363 31 122 973 159 58 38 463 150 45 28 815 133 28 23 838 144 50 25 527 195 54 65 604 95 56 43 
64 1118 185 72 52 70 366 33 115 604 175 68 57 912 179 67 48 526 196 57 65 1004 197 79 82 603 95 57 43 713 126 62 34 811 132 29 24 836 144 54 24 465 149 43 28 
65 1118 184 71 53 69 364 33 122 606 175 70 57 526 198 55 63 910 176 66 50 811 133 27 24 836 144 54 25 1005 204 72 72 463 147 50 30 
66 1117 184 72 53 607 183 62 51 526 199 56 63 67 368 33 128 911 177 65 49 807 131 31 25 1000 206 75 70 834 143 58 26 
67 1116 188 73 47 1001 203 72 75 808 132 28 24 469 149 56 30 527 196 53 67 608 183 60 52 910 172 64 53 908 137 69 93 
68 1115 186 74 48 606 184 69 50 526 197 54 67 1000 204 74 73 808 136 27 21 1201 178 76 119 911 173 63 52 
69 1117 188 70 45 606 185 70 49 999 203 74 73 908 175 64 49 525 198 56 65 63 370 35 126 
70 1116 188 70 45 606 184 70 50 995 203 71 70 523 196 58 65 908 175 63 49 
71 1114 187 72 46 605 183 71 53 907 173 65 52 524 198 57 63 696 126 64 34 994 204 69 68 
72 605 185 72 50 992 205 70 66 523 197 59 64 694 125 65 34 907 172 63 52 1112 140 96 93 897 138 81 87 60 377 36 113 
73 606 185 70 51 993 204 68 67 906 173 64 51 522 198 57 66 691 126 66 34 
74 606 185 71 51 1110 182 68 47 990 199 70 68 523 197 56 68 906 172 64 52 690 124 66 35 
75 606 187 71 50 522 200 58 64 989 204 67 66 905 173 65 51 1110 184 66 43 60 383 35 103 683 127 54 31 1193 170 83 124 
76 523 200 56 63 986 200 71 65 1110 181 67 46 608 186 68 51 69 287 28 66 
77 985 200 70 65 607 187 68 51 1109 182 67 45 521 200 58 65 68 288 27 64 
78 607 189 69 50 519 200 60 65 983 200 70 65 900 169 66 54 671 127 59 31 1103 177 81 49 68 288 27 63 
79 607 189 70 50 897 170 72 53 519 200 60 65 977 198 70 66 1106 176 68 50 58 387 35 102 1176 217 87 58 
80 609 191 67 49 898 170 68 54 1104 176 69 48 57 384 36 110 977 199 71 65 520 198 58 68 666 126 56 34 1176 216 84 59 
81 607 190 70 50 975 198 73 67 1103 175 69 49 899 168 67 55 519 197 59 71 58 384 33 108 
82 607 191 71 52 975 198 73 68 1101 176 70 47 655 125 62 32 715 127 56 31 834 129 50 32 55 390 33 116 520 199 57 67 896 151 68 72 
83 1100 176 70 47 607 192 70 52 714 127 56 32 654 125 63 33 512 201 66 73 971 196 71 65 835 129 48 33 55 385 32 126 
84 607 192 70 54 1099 175 70 49 716 125 52 33 1171 219 82 52 53 388 35 118 900 174 61 46 970 196 72 64 511 198 66 78 838 133 36 28 655 125 58 32 
85 607 192 71 54 1100 174 69 50 52 385 35 125 968 197 76 64 1026 160 32 27 508 201 71 74 716 127 52 32 
86 1095 172 70 53 610 190 67 58 53 383 33 130 969 196 73 64 691 128 79 34 835 129 49 33 1058 151 42 21 508 200 71 75 509 197 74 79 1024 159 32 28 
87 1094 173 71 51 605 195 73 56 52 384 34 129 508 203 70 73 968 196 71 65 1164 211 72 57 1228 246 48 74 835 133 41 28 
88 1090 173 75 50 606 193 71 59 1227 245 50 74 836 131 40 30 52 386 34 124 509 202 69 73 1160 215 79 51 965 187 70 75 
89 1091 174 70 48 607 193 70 61 835 133 41 29 509 203 68 74 897 171 57 49 1019 156 38 32 967 194 66 67 51 397 37 104 606 167 73 82 1228 246 49 72 
90 1090 174 67 48 607 196 71 56 966 194 67 63 892 153 63 64 510 204 66 74 51 392 35 112 1060 150 36 25 
91 1090 173 64 47 608 197 69 56 510 204 65 74 1021 156 35 31 966 189 61 68 1224 247 54 67 1056 142 38 29 
92 1090 174 63 47 607 197 71 58 510 203 65 76 964 190 63 68 891 153 63 62 47 400 39 101 1020 157 35 32 
93 607 197 72 58 1090 174 61 47 834 131 43 33 689 129 57 30 510 204 64 75 963 185 64 67 887 138 69 76 47 402 36 120 
94 1089 174 61 47 833 132 44 32 609 199 70 58 504 205 66 76 961 186 61 66 1218 238 62 72 1055 152 41 22 
95 832 133 45 31 608 198 71 59 504 204 66 77 1056 145 37 25 1090 174 58 46 884 137 68 76 1215 239 65 67 956 186 67 66 687 130 57 31 
96 1139 202 80 53 1212 239 66 67 831 134 46 30 608 201 71 58 1088 176 57 42 885 137 67 78 504 193 78 87 955 186 66 66 
97 1139 202 77 54 1210 238 67 69 610 201 70 58 952 185 69 66 831 133 44 29 499 193 87 86 
98 1137 203 78 52 610 202 73 56 831 133 45 28 538 118 65 62 952 186 68 63 664 134 74 29 1210 237 67 65 504 199 70 85 
99 1135 202 79 54 607 201 74 60 1088 173 52 44 1205 241 73 61 942 186 76 66 502 215 68 71 881 134 64 83 601 148 61 45 
100 1132 203 80 51 832 133 42 29 1207 238 71 62 608 201 73 59 539 118 60 61 501 198 72 86 881 141 65 73 942 185 76 66 659 134 71 29 1052 145 35 25 
101 1131 203 79 50 1205 239 72 59 830 135 46 27 607 200 75 61 883 155 61 57 941 186 76 63 1054 146 33 24 941 179 78 69 500 214 67 72 
102 832 136 43 26 1129 203 78 48 1204 241 72 56 500 215 68 71 942 186 71 63 879 137 66 78 607 207 74 60 1082 169 58 45 37 413 36 101 728 129 36 21 
103 1129 203 77 47 834 135 41 25 607 208 73 59 1197 242 80 55 498 217 66 68 939 176 77 71 
104 1127 203 74 48 608 213 73 55 833 137 41 25 499 219 64 67 1197 243 78 54 941 186 66 61 727 129 37 21 
105 834 136 40 24 606 212 76 54 939 185 67 58 1125 205 72 42 498 220 64 64 876 135 65 79 805 131 30 21 
106 832 136 43 26 605 212 78 58 724 130 42 21 939 186 66 59 498 220 64 68 27 404 36 120 1124 202 75 46 805 133 30 20 875 135 67 79 
107 606 213 77 57 937 186 67 56 1122 202 76 44 829 135 47 27 497 220 65 67 722 130 46 20 882 162 59 51 
108 607 215 76 55 1189 229 77 61 1117 202 74 42 496 221 65 66 936 183 66 59 828 134 46 28 25 407 36 113 
109 932 184 67 57 1116 205 73 40 826 135 47 26 608 217 76 55 1187 228 77 62 496 222 64 67 729 130 38 21 949 100 93 89 
110 609 217 75 54 826 136 44 25 1188 228 75 60 878 160 59 50 930 180 68 61 497 221 63 69 1115 202 74 43 623 155 59 34 
111 1187 229 75 60 929 182 68 59 607 215 77 60 827 135 45 26 1112 204 75 40 622 152 60 39 981 141 61 44 
112 1182 228 80 60 826 137 45 24 609 216 75 59 624 150 60 41 1110 202 75 41 982 142 59 43 927 178 69 62 880 163 53 46 
113 1179 231 80 56 609 217 78 59 981 142 59 43 825 137 47 23 493 225 66 68 928 178 68 63 621 150 65 43 1107 203 76 40 
114 1181 230 76 55 824 137 48 23 614 215 71 62 626 152 61 40 982 140 58 44 492 224 67 69 881 162 50 45 927 178 68 63 877 140 53 68 1104 194 79 47 
115 622 150 66 45 609 221 74 59 821 134 51 24 1177 229 78 53 493 231 65 66 929 174 64 63 979 138 63 48 876 140 54 65 882 162 47 43 725 124 55 31 488 218 74 77 
116 610 225 73 56 1177 229 76 53 490 230 68 69 821 135 49 26 627 150 62 46 926 177 69 64 980 137 60 49 883 162 45 44 1102 188 80 54 13 418 47 136 
117 610 225 74 56 490 231 68 67 980 140 62 45 1099 188 83 52 819 133 52 26 13 419 45 134 633 152 58 45 922 174 70 68 1175 230 76 50 881 162 45 43 877 142 49 63 
118 610 226 75 57 630 149 63 50 1175 231 77 48 488 229 69 72 1099 191 77 48 982 139 57 46 588 149 50 31 13 424 45 128 819 134 50 26 923 174 69 69 
119 610 226 75 57 981 141 59 44 488 227 69 75 1172 229 77 49 1097 190 77 47 921 176 70 64 819 132 50 26 639 148 54 51 721 123 51 31 877 141 50 64 531 124 54 34 595 149 47 37 
120 610 225 75 61 714 123 54 32 983 141 55 44 820 133 46 24 488 228 69 75 641 149 51 48 877 144 50 60 586 144 62 40 1171 228 78 50 
121 979 139 62 46 641 150 52 47 609 225 76 62 818 133 48 25 486 228 70 77 1165 228 76 47 920 171 68 68 9 425 45 124 595 149 49 37 533 124 52 34 719 128 48 28 485 219 77 85 878 144 45 60 1080 135 84 95 
122 610 227 77 61 821 133 43 24 485 228 71 77 982 137 57 48 1167 227 70 49 920 171 68 66 1092 189 73 44 713 124 56 31 
123 1163 228 75 47 983 140 55 45 1166 303 108 89 483 228 73 78 818 133 48 24 610 227 78 64 1091 190 73 42 876 161 49 43 911 158 74 81 
124 1162 217 77 57 822 132 43 26 1091 191 72 40 484 228 71 79 611 227 75 65 877 162 44 41 598 149 46 36 727 133 40 24 909 159 74 81 634 150 65 50 
125 820 133 43 26 1163 216 75 58 635 152 64 49 599 150 45 35 609 228 79 64 877 162 41 39 482 230 74 77 768 135 24 17 981 134 58 52 
126 638 151 62 50 600 150 45 36 483 227 72 82 1164 217 72 55 984 138 52 46 610 227 75 66 1084 187 78 44 914 172 67 61 1160 299 105 84 
127 1163 217 70 53 607 231 76 66 600 150 46 35 732 135 32 18 484 227 71 82 640 150 61 51 1156 297 109 85 1039 142 29 23 986 138 49 46 
128 606 231 77 67 599 153 48 32 1162 216 69 52 729 136 37 18 640 154 61 46 1077 176 79 56 984 139 52 45 482 225 73 84 1038 143 27 23 1153 301 108 79 
129 605 233 78 65 599 151 50 34 1162 216 67 51 729 136 34 18 644 161 59 43 483 227 72 85 985 140 51 43 
130 1158 215 70 50 605 236 78 62 600 152 53 35 645 159 59 45 1077 175 74 53 1147 296 112 81 731 130 32 24 
131 606 238 76 60 601 152 51 36 1154 214 76 52 646 162 58 42 984 138 53 46 483 229 71 83 1075 176 74 51 730 136 33 18 1145 274 120 102 
132 605 238 78 61 1152 215 74 46 600 153 52 35 908 166 61 64 646 163 59 41 1074 179 73 49 484 231 69 80 1142 278 122 96 
133 601 154 50 34 644 159 62 45 605 239 79 61 1150 214 73 47 1072 178 75 49 478 226 82 85 906 167 65 62 
134 648 166 57 38 605 240 79 63 603 154 51 35 0 439 21 132 480 224 80 90 1140 281 116 87 1147 216 75 43 905 164 64 63 1071 178 77 46 
135 606 240 79 65 646 167 60 37 607 161 45 26 1066 174 78 54 479 226 80 89 1134 280 117 89 258 345 34 46 479 240 69 80 
136 604 242 80 64 647 170 59 34 1142 207 74 50 1066 174 76 52 610 159 40 28 902 165 64 63 482 240 71 80 479 224 81 92 
137 605 244 74 68 648 169 59 36 1066 173 74 53 1142 204 74 54 479 240 69 80 478 225 81 90 1134 279 106 83 984 157 59 25 904 160 56 62 734 133 29 17 
138 604 246 76 66 651 167 56 38 478 224 80 92 1141 203 75 56 613 153 46 35 480 239 67 82 734 132 29 18 904 159 56 64 1128 274 113 85 592 146 23 17 
139 605 248 74 64 612 160 45 29 1141 205 74 49 1066 174 73 50 985 158 56 22 650 165 60 40 478 241 69 81 1123 270 107 92 732 132 33 19 477 224 82 92 
140 604 247 76 65 1066 174 71 49 56 463 54 113 1140 204 75 47 615 160 39 27 478 240 69 84 1124 266 105 92 649 164 60 41 984 157 59 23 
141 600 245 84 71 51 461 58 117 1066 176 68 46 1123 272 102 82 476 243 80 81 987 159 56 21 647 156 61 44 
142 597 253 82 61 1122 272 101 80 1066 174 66 46 987 158 57 22 617 160 38 28 733 134 34 17 477 242 67 83 1136 206 76 42 
143 601 252 80 65 987 156 55 24 1121 272 98 80 618 161 36 28 649 163 63 42 1065 175 64 44 476 245 70 79 
144 598 252 87 69 1117 273 95 76 652 162 61 46 619 160 34 29 587 135 37 26 476 244 69 80 
145 596 252 91 70 1113 272 99 74 1131 207 75 40 651 162 64 46 474 247 69 76 620 161 34 27 734 133 30 18 
146 590 252 93 75 1110 276 100 65 619 160 35 29 586 135 39 27 733 133 31 18 651 161 62 48 900 159 54 61 474 248 68 75 
147 589 253 94 77 1112 275 95 67 475 243 79 91 620 159 32 30 1129 207 74 40 651 159 62 52 
148 595 264 84 62 1104 272 97 57 1129 205 71 40 621 159 31 30 472 243 83 91 960 132 22 25 823 122 42 27 
149 593 267 86 61 1100 271 98 57 735 134 29 18 1129 205 72 41 474 254 68 78 821 122 44 27 1101 256 106 85 
150 595 267 83 61 1099 271 97 57 985 139 56 40 472 247 80 88 29 470 58 142 734 131 32 22 823 122 47 26 
151 593 268 85 60 1094 270 99 57 471 248 81 86 985 140 56 38 24 473 61 135 626 156 34 33 937 132 26 21 
152 593 268 86 62 1091 265 97 65 471 246 76 90 985 139 55 39 825 122 42 26 
153 586 261 96 78 1088 264 98 64 469 247 79 90 1049 168 72 46 738 131 32 28 825 122 43 26 985 138 54 40 
154 587 273 94 66 1087 261 96 68 984 138 56 40 739 129 33 30 651 159 62 55 469 242 77 97 825 123 41 24 892 160 57 54 
155 588 272 92 70 467 249 81 92 653 161 60 52 588 143 32 24 1086 252 99 80 1042 162 76 50 733 130 42 26 624 155 45 36 985 140 54 38 829 124 36 23 
156 588 271 91 73 468 249 78 92 1042 164 72 48 1083 252 91 80 734 130 37 27 1119 192 70 46 889 159 59 55 985 140 54 39 
157 585 271 94 75 468 251 76 90 1041 164 73 49 1079 250 95 80 986 139 53 39 735 131 35 27 891 159 55 56 1118 193 71 45 829 124 35 24 
158 582 272 98 75 1077 249 94 79 1041 165 71 48 467 252 79 89 1117 192 71 48 735 134 33 23 650 160 64 55 986 140 52 38 889 158 55 57 
159 582 273 99 77 467 254 78 88 1041 162 68 49 1082 244 86 82 1119 194 65 40 588 134 36 30 651 160 64 55 830 124 34 24 736 133 35 25 
160 579 276 99 77 1039 163 68 47 732 130 40 29 1077 257 83 59 985 140 54 35 647 162 69 53 586 134 39 29 468 248 77 96 827 124 44 24 
161 576 278 102 76 1039 166 69 44 1074 255 85 60 732 131 38 28 589 134 40 28 984 140 55 36 464 267 67 81 468 251 74 93 1115 194 72 38 
162 577 278 100 78 1068 252 88 62 1039 164 68 44 734 131 34 26 884 158 57 55 464 268 68 81 859 159 28 32 983 137 57 40 
163 578 283 99 75 1039 165 68 43 1068 252 87 65 461 266 83 82 6 498 53 139 885 158 56 55 732 131 35 27 860 160 26 31 589 145 37 22 
164 577 283 96 77 460 267 81 82 1067 251 86 66 1039 164 66 45 1188 309 88 85 5 497 56 141 1115 197 65 40 732 131 36 28 587 143 39 24 826 124 44 23 
165 573 287 99 73 1188 308 89 84 1058 250 93 65 461 266 80 82 1114 196 65 41 827 124 41 23 1040 161 64 48 732 131 39 28 4 499 57 136 647 161 63 55 
166 572 286 102 76 455 266 83 84 1188 306 88 83 1114 197 65 41 1055 248 94 67 4 503 52 134 1038 162 66 47 1054 226 99 91 651 167 59 55 
167 574 288 99 76 1184 303 88 85 455 264 83 88 1038 162 65 46 1053 249 93 64 883 156 56 57 977 137 60 35 3 506 53 134 1114 196 63 39 651 166 59 56 
168 572 287 98 80 1185 302 85 85 1109 193 65 43 455 261 83 93 882 158 58 54 1053 246 92 67 1036 162 66 48 
169 575 294 92 66 456 264 79 92 1051 247 86 53 1109 195 64 41 1185 300 84 83 650 169 61 52 589 145 38 22 861 161 25 27 881 156 60 55 1034 160 67 48 
170 1185 302 84 78 455 261 81 98 573 284 93 87 1050 245 83 57 649 168 62 55 1029 160 70 46 1108 196 62 38 859 160 26 27 978 138 57 35 4 506 47 135 588 144 39 23 
171 1045 243 86 61 454 265 82 93 572 299 94 79 1106 195 62 38 1027 161 71 45 646 168 64 55 860 161 24 26 1182 302 86 75 979 138 57 36 4 505 47 132 877 146 54 61 
172 1045 242 84 61 1181 301 88 74 568 300 98 82 454 266 81 91 648 168 65 54 1104 194 65 40 1026 162 71 44 875 148 55 58 
173 1034 242 88 58 1105 193 66 41 564 301 101 83 1180 298 89 77 647 168 61 56 453 267 84 91 590 143 38 23 874 147 55 59 1026 161 69 44 980 139 53 34 860 159 26 28 
174 561 300 104 88 1101 192 69 41 1031 242 89 59 450 268 79 94 648 169 63 56 874 147 54 59 980 138 54 35 1024 160 71 45 860 159 26 28 587 101 68 61 735 132 32 22 
175 1101 193 67 39 1025 242 90 58 976 140 59 32 648 171 64 53 1024 161 71 42 873 147 54 59 562 299 102 91 449 269 80 95 586 141 47 27 858 158 26 29 
176 1024 242 89 58 1173 289 92 79 1095 189 66 46 559 302 106 89 646 171 66 54 977 140 56 32 873 147 54 59 450 268 78 97 589 101 68 60 1025 163 69 38 857 157 27 30 
177 1167 288 95 79 1022 240 89 59 972 139 59 33 1093 189 72 44 559 303 107 92 646 172 65 53 449 267 79 101 872 148 52 57 1019 145 76 57 855 157 28 30 
178 1165 288 96 78 1016 239 95 61 1098 190 62 41 974 138 57 35 645 172 68 54 1023 161 67 43 557 302 106 94 2 525 43 135 591 100 67 58 589 142 43 24 870 148 55 56 
179 552 303 110 94 1016 237 92 60 1104 190 61 41 972 136 56 34 1021 156 70 43 645 172 70 54 1163 288 99 75 2 526 42 136 591 100 65 59 589 142 41 24 445 268 83 101 870 149 52 54 
180 552 308 109 91 1160 287 100 74 1016 234 91 64 1106 191 57 40 646 173 69 54 590 143 39 23 442 266 85 110 868 148 55 54 973 136 51 35 
181 1158 286 101 75 549 308 112 93 1104 194 51 35 1016 234 88 62 869 146 53 57 588 144 43 23 1022 155 66 45 937 120 25 27 646 176 70 52 
182 1103 191 52 38 548 319 111 86 1022 155 66 44 1012 232 82 57 869 147 53 56 646 176 71 53 
183 547 320 112 87 1090 182 64 46 1019 153 68 46 1156 281 102 75 439 270 84 108 1007 231 84 56 868 145 55 58 
184 541 321 118 90 1000 230 90 59 1097 192 54 36 869 146 53 57 435 270 86 111 
185 537 324 120 89 1093 189 58 39 871 148 50 55 999 228 89 61 1159 280 94 76 
186 535 326 122 89 1090 191 58 35 994 228 93 62 870 147 51 57 
187 533 327 123 90 1088 186 61 39 994 227 89 61 869 147 52 57 430 265 91 117 1017 155 63 42 
188 535 330 119 90 651 183 68 53 0 545 34 151 993 225 88 61 1083 180 63 45 1154 281 89 65 1017 155 65 41 936 120 29 28 868 148 52 54 580 109 63 50 
189 530 332 127 91 652 183 67 53 1087 182 59 43 0 545 33 153 992 225 87 60 1151 280 91 65 1016 154 66 43 191 354 43 80 
190 529 334 128 92 651 181 70 56 1086 184 60 40 0 546 33 153 992 224 86 58 1017 158 62 37 189 356 43 77 935 120 30 29 588 143 42 26 1149 279 93 65 
191 523 349 127 82 650 181 71 56 1081 180 64 45 1149 281 92 59 1016 157 62 37 588 142 41 27 0 544 32 156 870 149 49 51 987 224 83 56 
192 1079 179 65 45 652 186 70 52 983 224 86 56 523 352 125 79 188 356 41 78 1016 156 61 39 0 543 31 160 1148 285 92 55 589 145 42 24 
193 1149 283 87 55 522 353 124 81 1077 179 67 45 650 181 73 57 590 143 40 26 0 545 31 157 979 226 85 51 187 355 41 78 
194 519 353 127 86 1148 283 88 55 1076 175 67 49 651 183 72 55 424 288 95 109 980 223 80 45 
195 513 354 131 89 1148 285 88 53 1075 176 68 47 650 179 74 61 421 290 99 107 977 222 80 48 
196 512 355 132 88 977 221 80 50 1144 280 91 55 422 295 100 101 650 178 73 64 1066 177 73 44 
197 512 357 131 89 1071 174 68 46 973 221 79 51 1146 283 85 50 651 179 71 63 422 293 96 106 
198 512 357 124 95 1069 176 66 43 971 220 80 52 1147 273 87 56 662 133 43 17 422 296 95 106 654 180 71 63 586 142 48 29 
199 511 361 121 92 1068 175 68 44 1147 273 86 55 662 133 43 18 419 295 98 109 585 143 51 27 655 182 70 61 967 220 78 51 
200 498 364 136 91 1068 175 66 42 654 182 72 62 416 297 103 109 1011 153 59 38 1145 272 84 55 965 219 79 53 
201 505 362 124 96 1065 179 66 38 654 183 72 61 418 319 99 95 958 216 85 55 1144 270 87 57 828 122 45 25 1012 152 61 38 
202 502 363 125 97 1066 176 64 41 649 182 75 63 956 216 85 54 170 358 41 94 
203 500 363 127 98 954 215 83 54 1064 175 65 41 655 187 71 58 172 357 38 96 1142 263 86 63 
204 487 371 140 97 954 215 80 53 1141 267 84 58 1064 177 62 38 418 333 106 85 656 186 69 60 
205 486 374 134 95 1062 177 64 39 952 216 82 52 863 150 53 47 169 359 39 96 655 199 70 49 